Feature,Avg_Ratioknn-dist0,Std_Ratioknn-dist0,Avg_Ratioridge0,Std_Ratioridge0,Avg_Ratioxgb0,Std_Ratioxgb0,Avg_Ratioetr0,Std_Ratioetr0
"run_mm_cyr,pre_mm_cyr,pre_mm_cdi,tmp_dc_cdi,pst_pc_cse",2.903812026389793,0.1909624604765485,1.3482108,0.039834563,1.1350918,0.010163448,1.0005350359272691,0.00011381912687192131
"RA_SO,RA_dm,RA_ms_di,RA_ms_av,dor_pc_pva",3.0989471968269413,0.23463886651582597,1.4565257,0.046840094,1.4327585,0.050652754,1.0001405452679508,5.8476325795370615e-05
"Mean_DO_mg_per_L,Mean_DO_percent_saturation",1.5126342676229125,0.0657606669024371,1.0782926,0.021403685,1.2590475,0.022504104,1.0001529692676043,2.3357037131967707e-05
"slp_dg_cav,gwt_cm_cav,ele_mt_cav,tmp_dc_cyr,Mean_Temp_Deg_C,for_pc_cse",3.414010679198289,0.22883229613620729,1.3299468,0.036668662,1.0675309,0.011107916,1.0030908484207708,0.0003906590297852108
"crp_pc_cse,ire_pc_cse",1.4826569563477847,0.06518612755510574,1.2388862,0.027047351,1.1278569,0.009018218,1.0012536974511297,0.00016122069385945668
prm_pc_cse,1.0162877751009074,0.007727062467740071,1.058517,0.018123383,1.0000001,1.1990667e-07,0.9999999999999999,1.1509304158538035e-16
gla_pc_cse,1.0021512877742136,0.004390782610991225,1.0003563,0.0011120326,1.0000001,1.1990667e-07,0.9999999999999999,1.1509304158538035e-16
ppd_pk_cav,1.116320534288996,0.025073533358147822,1.1456453,0.025438251,1.0141668,0.0045789266,1.0000704073390767,1.6496972029565266e-05
sgr_dk_rav,1.051317769572243,0.011747271081151018,1.0046965,0.005031185,1.0128635,0.0010039904,1.0000867465123155,1.3043439312536388e-05
pH,1.3400221833197552,0.06476144282855467,1.0278164,0.011666879,1.0049314,0.0004468714,1.0007220573424538,0.00011730280063515692
