Feature,Avg_Rationusvr-poly0,Std_Rationusvr-poly0,Avg_Ratioknn-dist0,Std_Ratioknn-dist0,Avg_Ratioxgb0,Std_Ratioxgb0,Avg_Ratioetr0,Std_Ratioetr0
"pre_mm_cyr,run_mm_cyr,pre_mm_cdi,tmp_dc_cdi,pst_pc_cse",1.0027124428922831,0.0009988405094129209,1.7195187305814086,0.08417617861941515,1.0375825,0.0047599087,1.0018743757902269,0.0005142272117949772
"Mean_DO_mg_per_L,Mean_DO_percent_saturation",1.0014624795195473,0.00032757085453381216,1.3471689317241355,0.03829675510058105,1.0027959,0.00062723807,1.0001044726859039,6.603773160177312e-05
"RA_SO,RA_ms_di,RA_dm,RA_ms_av",1.00604146761512,0.001080753108266437,1.7602619097745782,0.06293202500884647,1.0688833,0.009369269,1.0006839400330225,0.00032664776621719316
"tmp_dc_cyr,Mean_Temp_Deg_C,gwt_cm_cav,slp_dg_cav,ele_mt_cav,for_pc_cse,prm_pc_cse",1.0041349406265736,0.0008930714042230921,2.0020154528269827,0.10800260123442937,1.0782377,0.0064983987,1.034747691173963,0.005996900993453411
dor_pc_pva,1.0000558252235046,0.0003870663803038414,1.1208470566069955,0.017832558678734883,1.0000001,6.577825e-08,1.0,0.0
sgr_dk_rav,1.0001437878099568,6.675812203360615e-05,1.0977246763731405,0.015453169622840187,1.0022943,0.001685529,1.00039240816122,0.00016253939230726503
ire_pc_cse,1.0004866031443096,0.0001006170201231313,1.050951092987029,0.02793684473010193,1.0000001,6.577825e-08,1.0000699093168077,2.495447878527353e-05
crp_pc_cse,1.000350315924797,5.400070470508236e-05,1.250987875138015,0.026725406034898237,1.0000001,6.577825e-08,1.0034704977444568,0.0007082413526669301
gla_pc_cse,1.0000000000000002,1.9039658180209115e-16,1.0014660701920686,0.0034258871795625687,1.0000001,6.577825e-08,1.0,0.0
pH,1.0009089654208574,0.0002535411468273567,1.2047806599833,0.0346725260927923,1.0000001,6.577825e-08,1.0084773652237118,0.0024330028766794496
ppd_pk_cav,1.0017506208700766,0.0006030193783239778,1.2260005820855955,0.0370176144286743,1.0008401,0.00047917492,1.0000889000547255,3.812578279928784e-05
