Avg: 0.6577047418145061
Std: 0.04204167685039027
