Avg: 0.1864115502789699
Std: 0.175022061782322
