Avg: 0.25223908085051006
Std: 0.10702781855774429
