Avg: 0.7211330892402744
Std: 0.0763832848611142
