Avg: 0.7023327871982996
Std: 0.1054362991562373
