Avg: 0.5567233074484614
Std: 0.17544085975075405
