Avg: 0.32582543702325745
Std: 0.05953420026348508
