Avg: 0.7893283811322692
Std: 0.12443555801731408
