Avg: 0.5239302953432068
Std: 0.08235504118906266
