Avg: 0.01501679489858182
Std: 0.028374231823021852
