Avg: 0.5104508075419403
Std: 0.0664596316889506
