Avg: 0.7435238213709046
Std: 0.07581846724365014
