Avg: 0.28283018073249383
Std: 0.24348776743596506
