Avg: 0.689421640559204
Std: 0.19357242692373816
