Avg: 0.6244727717037357
Std: 0.28829999838911213
