Avg: 0.23940612379960263
Std: 0.14096184454750033
