Avg: 0.716721639223736
Std: 0.0927397729373056
