Avg: 0.6639869385379743
Std: 0.1130662481259732
