Avg: 0.20173918530202326
Std: 0.09227425451697573
