Avg: 0.6953529760900183
Std: 0.13582278791431243
