Avg: 0.6212764271069402
Std: 0.1930027497136865
