Avg: 0.03911111795590002
Std: 0.03983303288973507
