Avg: 0.2867783236614548
Std: 0.0982124225640869
