Avg: 0.4233867520259015
Std: 0.17065698771747298
