Avg: 0.24076951322327847
Std: 0.13177712732852126
