Avg: 0.27995870604218764
Std: 0.17884720734464518
