Avg: 0.04901292909822018
Std: 0.07229737735242164
