Avg: 0.29899599886674083
Std: 0.13441992159988014
