Avg: 0.2858554228895676
Std: 0.14494023219610178
