Avg: 0.3999741422356825
Std: 0.26302796093010333
