Avg: 0.7009870252856747
Std: 0.10548266937385448
