Avg: 0.7041840066958615
Std: 0.05893068161078735
