Avg: 0.6375404203406002
Std: 0.12262082015105547
