Avg: 0.5954585331622774
Std: 0.08860161267776086
