Avg: 0.8474819797979567
Std: 0.052766665128662064
