Avg: 0.7589176284074051
Std: 0.0961910568298951
