Avg: 0.6763068069869129
Std: 0.12530795289381552
