Avg: 0.7602558279047265
Std: 0.039841179207713566
