Avg: 0.7458965111845722
Std: 0.08629488885898023
