Avg: 0.6955280829093686
Std: 0.14056717909494681
