Avg: 0.612195839502282
Std: 0.1048675499421212
