Avg: 0.7393005537250767
Std: 0.06005885150547689
