Feature,Avg_Rationusvr-rbf0,Std_Rationusvr-rbf0,Avg_Rationusvr-lin0,Std_Rationusvr-lin0,Avg_Rationusvr-sig0,Std_Rationusvr-sig0,Avg_Ratioknn-dist0,Std_Ratioknn-dist0,Avg_Ratioxgb0,Std_Ratioxgb0
"pre_mm_cyr,run_mm_cyr,pre_mm_cdi,tmp_dc_cdi",5.817692045029239,0.250996657379305,1.0019404579975872,0.000709765197680933,0.9695980383630804,0.009244345579036075,5.795537425279625,0.19160193680990245,3.1767337,0.19325528
"RA_dm,RA_SO,RA_ms_av,RA_ms_di",5.572328188486567,0.22132266218214008,1.0039015625831686,0.0008702056137214898,0.9900421622732234,0.0028352341452020148,6.669318818812302,0.1890600250268358,3.4219127,0.16498567
"Mean_DO_mg_per_L,Mean_DO_percent_saturation,crp_pc_cse,ire_pc_cse,for_pc_cse,slp_dg_cav,gwt_cm_cav,ele_mt_cav,tmp_dc_cyr,Mean_Temp_Deg_C",6.992284030106896,0.10054209877533209,1.0122574616462037,0.0016429471612494494,0.9884506099144211,0.00910916637222277,9.4723722090002,0.36622149300827384,9.534166,0.42672756
pH,3.64795345861663,0.25399292979765326,1.000766156009635,0.00015329032650833582,0.9991378501739892,0.0015894059934792686,3.4958599012496556,0.13617517471402488,1.0377254,0.01722705
prm_pc_cse,1.1354815656478798,0.08503843305855971,0.9999073022921613,0.0003944738950283116,0.999631920328628,0.00013545719094965454,1.1561091736354576,0.07302147949862772,0.99999994,8.933022e-08
dor_pc_pva,2.1257339608540535,0.21711591296982638,1.0002465951690034,0.0004950334634571595,0.9988258527407254,0.00046290890229280286,2.168825699084433,0.09687217552257342,1.260285,0.088846624
gla_pc_cse,1.0234877185941802,0.03810050111705188,0.9999999999999999,1.3456092237785605e-16,1.0,0.0,1.0207096795289965,0.019769391321417296,0.99999994,8.933022e-08
sgr_dk_rav,2.010175319987648,0.26085409569813295,0.9996440080440475,0.0001636089380031498,0.999160773454796,0.000538358841340727,1.8901683967740261,0.0706723599638338,1.1338612,0.029535614
pst_pc_cse,2.9831388882717707,0.296852803765011,1.000965478232345,0.0004494346342850759,0.9986794668705626,0.0026557437242098235,3.973498688297716,0.1974304362869686,1.3647702,0.035599865
ppd_pk_cav,2.6460798511915806,0.16198599022119045,1.001316264147295,0.000640208807444236,0.9996301397167714,0.0001425771551952689,1.8863794868619974,0.10998824099123762,1.1809514,0.026584135
