Feature,Avg_Rationusvr-rbf0,Std_Rationusvr-rbf0,Avg_Rationusvr-lin0,Std_Rationusvr-lin0,Avg_Ratioenet0,Std_Ratioenet0,Avg_Ratioetr0,Std_Ratioetr0
"run_mm_cyr,pre_mm_cyr,pre_mm_cdi,tmp_dc_cdi,pst_pc_cse",1.5837310030397145,0.054673992006439805,1.000579067423363,0.000277010885717993,1.9901698,0.1077484,1.0017759017377408,0.00040088949114664763
"RA_SO,RA_dm,RA_ms_di,RA_ms_av,dor_pc_pva",1.6178928052618704,0.0338080367322224,1.0031747097486878,0.000584083488212482,1.9587736,0.097425066,1.0008195242466804,0.0003003675128253676
"Mean_DO_percent_saturation,Mean_DO_mg_per_L",1.449281027844414,0.04006868739406345,1.0014738922128523,0.0005104068358648002,1.8960152,0.1352917,1.0002317065873878,4.6625989912417535e-05
"slp_dg_cav,gwt_cm_cav,ele_mt_cav,Mean_Temp_Deg_C,tmp_dc_cyr,for_pc_cse",1.4630385535092474,0.049782291863477796,1.0046050024005087,0.0006320652854865697,1.6613739,0.061450496,1.0152943931907097,0.0021266966211012073
sgr_dk_rav,1.0266800343135605,0.016426356146638454,0.9999681296664451,1.61679167063391e-05,1.0499933,0.013311832,1.0000963997950543,2.230366354041266e-05
prm_pc_cse,1.0155779412854884,0.008146002723520085,1.0000936773731788,0.00017080096057076413,1.0673795,0.015268389,0.9999999999999999,1.2177760233737333e-16
crp_pc_cse,1.2346584597617392,0.035360116568886484,1.0011357951953064,0.00022567011811868294,1.6916007,0.12916,1.0022317082029781,0.0003458513080937793
gla_pc_cse,1.0094476567680772,0.010105898515379576,0.9999999999999998,2.1041662675150776e-16,1.0000211,7.046928e-05,0.9999999999999999,1.2177760233737333e-16
ppd_pk_cav,1.0584095721196536,0.015337052612772612,1.0004246815874844,0.00019746670479455118,1.0758902,0.016686486,1.0000966602120895,2.9286139003275684e-05
pH,1.0442066479808991,0.013399874508037873,1.001107374081655,0.00023352593394172636,1.0035269,0.013603771,1.0019196773999206,0.0004789373124430552
ire_pc_cse,1.0459080892825579,0.01697312022202985,1.0001883183155271,5.036966272009808e-05,1.287282,0.05015249,1.0000747762506703,2.443343845107708e-05
